0.000000000000000000e+00
4.065040650406504495e-03
1.626016260162601798e-02
1.626016260162601798e-02
2.439024390243902524e-02
2.439024390243902524e-02
6.097560975609755962e-02
6.097560975609755962e-02
8.130081300813007950e-02
8.130081300813007950e-02
1.097560975609756101e-01
1.097560975609756101e-01
1.138211382113821085e-01
1.138211382113821085e-01
1.422764227642276391e-01
1.422764227642276391e-01
1.788617886178861804e-01
1.788617886178861804e-01
1.910569105691057035e-01
1.910569105691057035e-01
2.032520325203251987e-01
2.032520325203251987e-01
2.113821138211382233e-01
2.113821138211382233e-01
2.357723577235772416e-01
2.357723577235772416e-01
2.439024390243902385e-01
2.439024390243902385e-01
2.926829268292682751e-01
2.926829268292682751e-01
3.048780487804877981e-01
3.048780487804877981e-01
3.211382113821138473e-01
3.211382113821138473e-01
3.252032520325203180e-01
3.252032520325203180e-01
3.739837398373983546e-01
3.739837398373983546e-01
3.780487804878048808e-01
3.780487804878048808e-01
4.065040650406503975e-01
4.065040650406503975e-01
4.105691056910569237e-01
4.105691056910569237e-01
4.268292682926829174e-01
4.268292682926829174e-01
4.593495934959349603e-01
4.593495934959349603e-01
4.796747967479674801e-01
4.796747967479674801e-01
5.203252032520325754e-01
5.203252032520325754e-01
5.325203252032519874e-01
5.325203252032519874e-01
5.406504065040650397e-01
5.406504065040650397e-01
5.569105691056910334e-01
5.569105691056910334e-01
5.934959349593496025e-01
5.934959349593496025e-01
6.097560975609755962e-01
6.097560975609755962e-01
6.544715447154471066e-01
6.544715447154471066e-01
6.666666666666666297e-01
6.666666666666666297e-01
6.707317073170732113e-01
6.707317073170732113e-01
6.829268292682927344e-01
6.829268292682927344e-01
6.910569105691056757e-01
6.910569105691056757e-01
7.764227642276422259e-01
7.764227642276422259e-01
8.170731707317072656e-01
8.170731707317072656e-01
8.333333333333333703e-01
8.333333333333333703e-01
8.617886178861788871e-01
8.617886178861788871e-01
8.658536585365853577e-01
8.658536585365853577e-01
8.780487804878048808e-01
8.780487804878048808e-01
8.821138211382113514e-01
8.821138211382113514e-01
9.349593495934959142e-01
9.349593495934959142e-01
9.552845528455284896e-01
9.552845528455284896e-01
1.000000000000000000e+00
